# Time (seconds) Size (packets)
0.0 1
0.00961538461538 0
0.0192307692308 0
0.0288461538462 1
0.0384615384615 2
0.0480769230769 3
0.0576923076923 2
0.0673076923077 1
0.0769230769231 0
0.0865384615385 0
0.0961538461538 0
0.105769230769 0
0.115384615385 0
0.125 1
0.134615384615 0
0.144230769231 0
0.153846153846 0
0.163461538462 1
0.173076923077 2
0.182692307692 3
0.192307692308 4
0.201923076923 5
0.211538461538 4
0.221153846154 3
0.230769230769 4
0.240384615385 3
0.25 2
0.259615384615 3
0.269230769231 2
0.278846153846 1
0.288461538462 2
0.298076923077 1
0.307692307692 0
0.317307692308 0
0.326923076923 0
0.336538461538 1
0.346153846154 0
0.355769230769 1
0.365384615385 2
0.375 3
0.384615384615 2
0.394230769231 1
0.403846153846 2
0.413461538462 3
0.423076923077 2
0.432692307692 1
0.442307692308 0
0.451923076923 0
0.461538461538 1
0.471153846154 2
0.480769230769 1
0.490384615385 2
0.5 3
0.509615384615 4
0.519230769231 3
0.528846153846 4
0.538461538462 5
0.548076923077 6
0.557692307692 5
0.567307692308 6
0.576923076923 7
0.586538461538 6
0.596153846154 7
0.605769230769 8
0.615384615385 9
0.625 8
0.634615384615 9
0.644230769231 8
0.653846153846 9
0.663461538462 10
0.673076923077 11
0.682692307692 12
0.692307692308 11
0.701923076923 12
0.711538461538 11
0.721153846154 12
0.730769230769 11
0.740384615385 10
0.75 9
0.759615384615 10
0.769230769231 9
0.778846153846 8
0.788461538462 9
0.798076923077 8
0.807692307692 7
0.817307692308 8
0.826923076923 7
0.836538461538 8
0.846153846154 9
0.855769230769 8
0.865384615385 9
0.875 8
0.884615384615 7
0.894230769231 6
0.903846153846 7
0.913461538462 6
0.923076923077 7
0.932692307692 6
0.942307692308 7
0.951923076923 8
0.961538461538 9
0.971153846154 8
0.980769230769 7
0.990384615385 6
1.0 5
1.00970873786 4
1.01941747573 5
1.02912621359 6
1.03883495146 5
1.04854368932 4
1.05825242718 3
1.06796116505 2
1.07766990291 1
1.08737864078 2
1.09708737864 3
1.1067961165 4
1.11650485437 3
1.12621359223 4
1.1359223301 3
1.14563106796 2
1.15533980583 1
1.16504854369 2
1.17475728155 3
1.18446601942 2
1.19417475728 3
1.20388349515 4
1.21359223301 3
1.22330097087 4
1.23300970874 5
1.2427184466 6
1.25242718447 5
1.26213592233 6
1.27184466019 5
1.28155339806 6
1.29126213592 7
1.30097087379 6
1.31067961165 7
1.32038834951 6
1.33009708738 5
1.33980582524 4
1.34951456311 3
1.35922330097 4
1.36893203883 3
1.3786407767 4
1.38834951456 3
1.39805825243 2
1.40776699029 3
1.41747572816 4
1.42718446602 3
1.43689320388 2
1.44660194175 3
1.45631067961 2
1.46601941748 3
1.47572815534 4
1.4854368932 3
1.49514563107 2
1.50485436893 1
1.5145631068 0
1.52427184466 1
1.53398058252 0
1.54368932039 0
1.55339805825 1
1.56310679612 2
1.57281553398 3
1.58252427184 2
1.59223300971 1
1.60194174757 2
1.61165048544 3
1.6213592233 4
1.63106796117 3
1.64077669903 4
1.65048543689 5
1.66019417476 4
1.66990291262 5
1.67961165049 6
1.68932038835 5
1.69902912621 6
1.70873786408 5
1.71844660194 4
1.72815533981 3
1.73786407767 2
1.74757281553 1
1.7572815534 2
1.76699029126 1
1.77669902913 2
1.78640776699 1
1.79611650485 0
1.80582524272 1
1.81553398058 0
1.82524271845 1
1.83495145631 2
1.84466019417 3
1.85436893204 4
1.8640776699 5
1.87378640777 4
1.88349514563 3
1.8932038835 2
1.90291262136 1
1.91262135922 2
1.92233009709 1
1.93203883495 2
1.94174757282 1
1.95145631068 2
1.96116504854 3
1.97087378641 4
1.98058252427 3
1.99029126214 2
2.0 1
2.00980392157 2
2.01960784314 1
2.02941176471 0
2.03921568627 1
2.04901960784 0
2.05882352941 1
2.06862745098 2
2.07843137255 3
2.08823529412 2
2.09803921569 1
2.10784313725 2
2.11764705882 1
2.12745098039 2
2.13725490196 1
2.14705882353 0
2.1568627451 1
2.16666666667 2
2.17647058824 1
2.1862745098 2
2.19607843137 1
2.20588235294 0
2.21568627451 0
2.22549019608 0
2.23529411765 1
2.24509803922 0
2.25490196078 0
2.26470588235 0
2.27450980392 1
2.28431372549 2
2.29411764706 1
2.30392156863 2
2.3137254902 1
2.32352941176 2
2.33333333333 3
2.3431372549 2
2.35294117647 3
2.36274509804 2
2.37254901961 3
2.38235294118 4
2.39215686275 5
2.40196078431 4
2.41176470588 3
2.42156862745 2
2.43137254902 3
2.44117647059 4
2.45098039216 5
2.46078431373 4
2.47058823529 5
2.48039215686 4
2.49019607843 5
2.5 6
2.50980392157 7
2.51960784314 8
2.52941176471 7
2.53921568627 6
2.54901960784 7
2.55882352941 8
2.56862745098 9
2.57843137255 10
2.58823529412 9
2.59803921569 10
2.60784313725 9
2.61764705882 8
2.62745098039 7
2.63725490196 8
2.64705882353 9
2.6568627451 8
2.66666666667 7
2.67647058824 6
2.6862745098 5
2.69607843137 6
2.70588235294 7
2.71568627451 6
2.72549019608 7
2.73529411765 8
2.74509803922 7
2.75490196078 8
2.76470588235 9
2.77450980392 10
2.78431372549 9
2.79411764706 8
2.80392156863 9
2.8137254902 8
2.82352941176 9
2.83333333333 10
2.8431372549 9
2.85294117647 8
2.86274509804 7
2.87254901961 6
2.88235294118 7
2.89215686275 6
2.90196078431 5
2.91176470588 6
2.92156862745 7
2.93137254902 8
2.94117647059 7
2.95098039216 6
2.96078431373 7
2.97058823529 6
2.98039215686 5
2.99019607843 6
3.0 7
3.00934579439 6
3.01869158879 5
3.02803738318 6
3.03738317757 7
3.04672897196 6
3.05607476636 7
3.06542056075 8
3.07476635514 9
3.08411214953 10
3.09345794393 9
3.10280373832 10
3.11214953271 9
3.1214953271 10
3.1308411215 11
3.14018691589 12
3.14953271028 11
3.15887850467 12
3.16822429907 11
3.17757009346 10
3.18691588785 9
3.19626168224 10
3.20560747664 11
3.21495327103 12
3.22429906542 13
3.23364485981 12
3.24299065421 13
3.2523364486 12
3.26168224299 13
3.27102803738 14
3.28037383178 15
3.28971962617 16
3.29906542056 17
3.30841121495 18
3.31775700935 17
3.32710280374 16
3.33644859813 15
3.34579439252 14
3.35514018692 13
3.36448598131 14
3.3738317757 15
3.38317757009 14
3.39252336449 15
3.40186915888 14
3.41121495327 15
3.42056074766 14
3.42990654206 15
3.43925233645 14
3.44859813084 13
3.45794392523 14
3.46728971963 13
3.47663551402 12
3.48598130841 11
3.4953271028 10
3.5046728972 9
3.51401869159 8
3.52336448598 7
3.53271028037 8
3.54205607477 9
3.55140186916 8
3.56074766355 9
3.57009345794 8
3.57943925234 9
3.58878504673 8
3.59813084112 9
3.60747663551 8
3.61682242991 7
3.6261682243 8
3.63551401869 7
3.64485981308 6
3.65420560748 5
3.66355140187 6
3.67289719626 5
3.68224299065 6
3.69158878505 7
3.70093457944 8
3.71028037383 9
3.71962616822 10
3.72897196262 9
3.73831775701 8
3.7476635514 9
3.75700934579 10
3.76635514019 9
3.77570093458 8
3.78504672897 7
3.79439252336 8
3.80373831776 9
3.81308411215 10
3.82242990654 9
3.83177570093 10
3.84112149533 9
3.85046728972 10
3.85981308411 9
3.8691588785 10
3.8785046729 11
3.88785046729 12
3.89719626168 11
3.90654205607 10
3.91588785047 11
3.92523364486 12
3.93457943925 11
3.94392523364 10
3.95327102804 9
3.96261682243 8
3.97196261682 7
3.98130841121 8
3.99065420561 9
4.0 10
4.01 9
4.02 8
4.03 7
4.04 8
4.05 9
4.06 10
4.07 9
4.08 8
4.09 9
4.1 8
4.11 7
4.12 8
4.13 9
4.14 8
4.15 9
4.16 10
4.17 11
4.18 12
4.19 13
4.2 14
4.21 15
4.22 14
4.23 13
4.24 12
4.25 13
4.26 14
4.27 13
4.28 14
4.29 13
4.3 12
4.31 13
4.32 14
4.33 15
4.34 14
4.35 13
4.36 14
4.37 15
4.38 16
4.39 17
4.4 16
4.41 17
4.42 16
4.43 15
4.44 14
4.45 15
4.46 16
4.47 15
4.48 14
4.49 15
4.5 14
4.51 15
4.52 14
4.53 15
4.54 14
4.55 13
4.56 12
4.57 13
4.58 14
4.59 15
4.6 16
4.61 17
4.62 18
4.63 19
4.64 20
4.65 x
4.66 x
4.67 19
4.68 18
4.69 17
4.7 16
4.71 17
4.72 18
4.73 19
4.74 20
4.75 x
4.76 19
4.77 20
4.78 19
4.79 20
4.8 19
4.81 18
4.82 19
4.83 18
4.84 19
4.85 18
4.86 19
4.87 18
4.88 17
4.89 18
4.9 17
4.91 16
4.92 15
4.93 14
4.94 15
4.95 14
4.96 15
4.97 16
4.98 15
4.99 16
5.0 15
5.00961538462 14
5.01923076923 13
5.02884615385 12
5.03846153846 11
5.04807692308 10
5.05769230769 11
5.06730769231 10
5.07692307692 9
5.08653846154 8
5.09615384615 7
5.10576923077 8
5.11538461538 9
5.125 8
5.13461538462 7
5.14423076923 8
5.15384615385 9
5.16346153846 10
5.17307692308 9
5.18269230769 8
5.19230769231 9
5.20192307692 10
5.21153846154 11
5.22115384615 10
5.23076923077 9
5.24038461538 10
5.25 9
5.25961538462 8
5.26923076923 7
5.27884615385 8
5.28846153846 7
5.29807692308 6
5.30769230769 7
5.31730769231 8
5.32692307692 7
5.33653846154 8
5.34615384615 7
5.35576923077 6
5.36538461538 5
5.375 4
5.38461538462 3
5.39423076923 4
5.40384615385 5
5.41346153846 6
5.42307692308 7
5.43269230769 6
5.44230769231 5
5.45192307692 6
5.46153846154 7
5.47115384615 6
5.48076923077 7
5.49038461538 6
5.5 7
5.50961538462 6
5.51923076923 7
5.52884615385 6
5.53846153846 7
5.54807692308 8
5.55769230769 9
5.56730769231 8
5.57692307692 7
5.58653846154 6
5.59615384615 7
5.60576923077 8
5.61538461538 7
5.625 6
5.63461538462 7
5.64423076923 8
5.65384615385 9
5.66346153846 8
5.67307692308 9
5.68269230769 8
5.69230769231 9
5.70192307692 10
5.71153846154 9
5.72115384615 8
5.73076923077 7
5.74038461538 8
5.75 9
5.75961538462 10
5.76923076923 9
5.77884615385 10
5.78846153846 11
5.79807692308 12
5.80769230769 11
5.81730769231 12
5.82692307692 13
5.83653846154 12
5.84615384615 11
5.85576923077 12
5.86538461538 11
5.875 12
5.88461538462 13
5.89423076923 14
5.90384615385 15
5.91346153846 16
5.92307692308 17
5.93269230769 16
5.94230769231 17
5.95192307692 16
5.96153846154 15
5.97115384615 14
5.98076923077 13
5.99038461538 12
6.0 11
6.00952380952 12
6.01904761905 11
6.02857142857 12
6.0380952381 13
6.04761904762 12
6.05714285714 11
6.06666666667 10
6.07619047619 11
6.08571428571 12
6.09523809524 11
6.10476190476 10
6.11428571429 9
6.12380952381 8
6.13333333333 9
6.14285714286 10
6.15238095238 11
6.1619047619 12
6.17142857143 11
6.18095238095 10
6.19047619048 11
6.2 12
6.20952380952 11
6.21904761905 10
6.22857142857 9
6.2380952381 10
6.24761904762 9
6.25714285714 10
6.26666666667 11
6.27619047619 12
6.28571428571 13
6.29523809524 12
6.30476190476 13
6.31428571429 12
6.32380952381 11
6.33333333333 12
6.34285714286 13
6.35238095238 12
6.3619047619 13
6.37142857143 12
6.38095238095 13
6.39047619048 14
6.4 15
6.40952380952 16
6.41904761905 15
6.42857142857 16
6.4380952381 17
6.44761904762 18
6.45714285714 19
6.46666666667 20
6.47619047619 19
6.48571428571 20
6.49523809524 x
6.50476190476 19
6.51428571429 18
6.52380952381 17
6.53333333333 18
6.54285714286 19
6.55238095238 20
6.5619047619 19
6.57142857143 18
6.58095238095 17
6.59047619048 18
6.6 19
6.60952380952 20
6.61904761905 x
6.62857142857 x
6.6380952381 x
6.64761904762 x
6.65714285714 19
6.66666666667 18
6.67619047619 17
6.68571428571 18
6.69523809524 19
6.70476190476 20
6.71428571429 19
6.72380952381 18
6.73333333333 17
6.74285714286 18
6.75238095238 19
6.7619047619 20
6.77142857143 19
6.78095238095 20
6.79047619048 x
6.8 x
6.80952380952 x
6.81904761905 19
6.82857142857 20
6.8380952381 19
6.84761904762 18
6.85714285714 17
6.86666666667 16
6.87619047619 15
6.88571428571 14
6.89523809524 13
6.90476190476 12
6.91428571429 13
6.92380952381 12
6.93333333333 13
6.94285714286 14
6.95238095238 13
6.9619047619 12
6.97142857143 11
6.98095238095 12
6.99047619048 13
7.0 14
7.00980392157 13
7.01960784314 12
7.02941176471 11
7.03921568627 12
7.04901960784 11
7.05882352941 12
7.06862745098 13
7.07843137255 14
7.08823529412 15
7.09803921569 16
7.10784313725 17
7.11764705882 16
7.12745098039 15
7.13725490196 14
7.14705882353 13
7.1568627451 12
7.16666666667 11
7.17647058824 10
7.1862745098 9
7.19607843137 10
7.20588235294 11
7.21568627451 12
7.22549019608 11
7.23529411765 10
7.24509803922 9
7.25490196078 8
7.26470588235 9
7.27450980392 8
7.28431372549 7
7.29411764706 8
7.30392156863 9
7.3137254902 10
7.32352941176 11
7.33333333333 10
7.3431372549 9
7.35294117647 8
7.36274509804 7
7.37254901961 6
7.38235294118 7
7.39215686275 6
7.40196078431 5
7.41176470588 6
7.42156862745 5
7.43137254902 4
7.44117647059 3
7.45098039216 4
7.46078431373 5
7.47058823529 6
7.48039215686 5
7.49019607843 6
7.5 7
7.50980392157 6
7.51960784314 7
7.52941176471 6
7.53921568627 5
7.54901960784 6
7.55882352941 5
7.56862745098 6
7.57843137255 7
7.58823529412 8
7.59803921569 7
7.60784313725 8
7.61764705882 9
7.62745098039 10
7.63725490196 9
7.64705882353 10
7.6568627451 11
7.66666666667 12
7.67647058824 13
7.6862745098 14
7.69607843137 13
7.70588235294 12
7.71568627451 11
7.72549019608 10
7.73529411765 11
7.74509803922 10
7.75490196078 11
7.76470588235 10
7.77450980392 9
7.78431372549 10
7.79411764706 9
7.80392156863 8
7.8137254902 9
7.82352941176 10
7.83333333333 9
7.8431372549 8
7.85294117647 9
7.86274509804 8
7.87254901961 9
7.88235294118 8
7.89215686275 9
7.90196078431 10
7.91176470588 9
7.92156862745 10
7.93137254902 9
7.94117647059 8
7.95098039216 7
7.96078431373 8
7.97058823529 9
7.98039215686 8
7.99019607843 9
8.0 10
8.00917431193 9
8.01834862385 8
8.02752293578 9
8.03669724771 10
8.04587155963 9
8.05504587156 10
8.06422018349 11
8.07339449541 12
8.08256880734 11
8.09174311927 12
8.10091743119 13
8.11009174312 12
8.11926605505 11
8.12844036697 12
8.1376146789 11
8.14678899083 12
8.15596330275 13
8.16513761468 14
8.17431192661 15
8.18348623853 14
8.19266055046 15
8.20183486239 14
8.21100917431 15
8.22018348624 16
8.22935779817 15
8.23853211009 14
8.24770642202 15
8.25688073394 14
8.26605504587 15
8.2752293578 14
8.28440366972 15
8.29357798165 16
8.30275229358 17
8.3119266055 18
8.32110091743 19
8.33027522936 18
8.33944954128 19
8.34862385321 20
8.35779816514 x
8.36697247706 19
8.37614678899 20
8.38532110092 x
8.39449541284 19
8.40366972477 18
8.4128440367 17
8.42201834862 16
8.43119266055 15
8.44036697248 14
8.4495412844 13
8.45871559633 12
8.46788990826 11
8.47706422018 10
8.48623853211 9
8.49541284404 10
8.50458715596 11
8.51376146789 10
8.52293577982 11
8.53211009174 12
8.54128440367 11
8.5504587156 12
8.55963302752 13
8.56880733945 12
8.57798165138 11
8.5871559633 10
8.59633027523 9
8.60550458716 8
8.61467889908 9
8.62385321101 10
8.63302752294 9
8.64220183486 8
8.65137614679 9
8.66055045872 8
8.66972477064 7
8.67889908257 6
8.6880733945 7
8.69724770642 6
8.70642201835 5
8.71559633028 4
8.7247706422 5
8.73394495413 6
8.74311926606 7
8.75229357798 8
8.76146788991 9
8.77064220183 8
8.77981651376 9
8.78899082569 10
8.79816513761 11
8.80733944954 12
8.81651376147 11
8.82568807339 10
8.83486238532 11
8.84403669725 10
8.85321100917 9
8.8623853211 10
8.87155963303 11
8.88073394495 12
8.88990825688 13
8.89908256881 14
8.90825688073 13
8.91743119266 14
8.92660550459 13
8.93577981651 12
8.94495412844 13
8.95412844037 14
8.96330275229 15
8.97247706422 16
8.98165137615 15
8.99082568807 16
9.0 17
9.00970873786 18
9.01941747573 19
9.02912621359 18
9.03883495146 19
9.04854368932 20
9.05825242718 19
9.06796116505 18
9.07766990291 19
9.08737864078 20
9.09708737864 x
9.1067961165 x
9.11650485437 x
9.12621359223 x
9.1359223301 19
9.14563106796 20
9.15533980583 19
9.16504854369 20
9.17475728155 19
9.18446601942 18
9.19417475728 17
9.20388349515 18
9.21359223301 17
9.22330097087 18
9.23300970874 19
9.2427184466 20
9.25242718447 19
9.26213592233 20
9.27184466019 x
9.28155339806 19
9.29126213592 20
9.30097087379 19
9.31067961165 18
9.32038834951 17
9.33009708738 16
9.33980582524 17
9.34951456311 18
9.35922330097 17
9.36893203883 16
9.3786407767 17
9.38834951456 18
9.39805825243 19
9.40776699029 18
9.41747572816 19
9.42718446602 20
9.43689320388 x
9.44660194175 19
9.45631067961 18
9.46601941748 17
9.47572815534 16
9.4854368932 17
9.49514563107 16
9.50485436893 17
9.5145631068 18
9.52427184466 19
9.53398058252 20
9.54368932039 x
9.55339805825 x
9.56310679612 19
9.57281553398 20
9.58252427184 19
9.59223300971 20
9.60194174757 19
9.61165048544 18
9.6213592233 19
9.63106796117 20
9.64077669903 x
9.65048543689 x
9.66019417476 19
9.66990291262 20
9.67961165049 x
9.68932038835 x
9.69902912621 19
9.70873786408 20
9.71844660194 x
9.72815533981 x
9.73786407767 19
9.74757281553 18
9.7572815534 19
9.76699029126 18
9.77669902913 17
9.78640776699 16
9.79611650485 15
9.80582524272 16
9.81553398058 15
9.82524271845 14
9.83495145631 15
9.84466019417 14
9.85436893204 13
9.8640776699 12
9.87378640777 13
9.88349514563 14
9.8932038835 13
9.90291262136 14
9.91262135922 15
9.92233009709 16
9.93203883495 15
9.94174757282 16
9.95145631068 17
9.96116504854 16
9.97087378641 17
9.98058252427 18
9.99029126214 19
