# Time (seconds) Sequence (number) Size (bytes)
0.0 0 1500
0.111111111111 1500 1500
0.222222222222 3000 1500
0.333333333333 4500 1500
0.444444444444 6000 1500
0.555555555556 7500 1500
0.666666666667 9000 1500
0.777777777778 10500 1500
0.888888888889 12000 1500
1.0 13500 1500
1.04 15000 1500
1.08 16500 1500
1.12 18000 1500
1.16 19500 1500
1.2 21000 1500
1.24 22500 1500
1.28 24000 1500
1.32 25500 1500
1.36 27000 1500
1.4 28500 1500
1.44 30000 1500
1.48 31500 1500
1.52 33000 1500
1.56 34500 1500
1.6 36000 1500
1.64 37500 1500
1.68 39000 1500
1.72 40500 1500
1.76 42000 1500
1.8 43500 1500
1.84 45000 1500
1.88 46500 1500
1.92 48000 1500
1.96 49500 1500
2.0 51000 1500
2.01785714286 52500 1500
2.03571428571 54000 1500
2.05357142857 55500 1500
2.07142857143 57000 1500
2.08928571429 58500 1500
2.10714285714 60000 1500
2.125 61500 1500
2.14285714286 63000 1500
2.16071428571 64500 1500
2.17857142857 66000 1500
2.19642857143 67500 1500
2.21428571429 69000 1500
2.23214285714 70500 1500
2.25 72000 1500
2.26785714286 73500 1500
2.28571428571 75000 1500
2.30357142857 76500 1500
2.32142857143 78000 1500
2.33928571429 79500 1500
2.35714285714 81000 1500
2.375 82500 1500
2.39285714286 84000 1500
2.41071428571 85500 1500
2.42857142857 87000 1500
2.44642857143 88500 1500
2.46428571429 90000 1500
2.48214285714 91500 1500
2.5 93000 1500
2.51785714286 94500 1500
2.53571428571 96000 1500
2.55357142857 97500 1500
2.57142857143 99000 1500
2.58928571429 100500 1500
2.60714285714 102000 1500
2.625 103500 1500
2.64285714286 105000 1500
2.66071428571 106500 1500
2.67857142857 108000 1500
2.69642857143 109500 1500
2.71428571429 111000 1500
2.73214285714 112500 1500
2.75 114000 1500
2.76785714286 115500 1500
2.78571428571 117000 1500
2.80357142857 118500 1500
2.82142857143 120000 1500
2.83928571429 121500 1500
2.85714285714 123000 1500
2.875 124500 1500
2.89285714286 126000 1500
2.91071428571 127500 1500
2.92857142857 129000 1500
2.94642857143 130500 1500
2.96428571429 132000 1500
2.98214285714 133500 1500
3.0 135000 1500
3.01020408163 136500 1500
3.02040816327 138000 1500
3.0306122449 139500 1500
3.04081632653 141000 1500
3.05102040816 142500 1500
3.0612244898 144000 1500
3.07142857143 145500 1500
3.08163265306 147000 1500
3.09183673469 148500 1500
3.10204081633 150000 1500
3.11224489796 151500 1500
3.12244897959 153000 1500
3.13265306122 154500 1500
3.14285714286 156000 1500
3.15306122449 157500 1500
3.16326530612 159000 1500
3.17346938776 160500 1500
3.18367346939 162000 1500
3.19387755102 163500 1500
3.20408163265 165000 1500
3.21428571429 166500 1500
3.22448979592 168000 1500
3.23469387755 169500 1500
3.24489795918 171000 1500
3.25510204082 172500 1500
3.26530612245 174000 1500
3.27551020408 175500 1500
3.28571428571 177000 1500
3.29591836735 178500 1500
3.30612244898 180000 1500
3.31632653061 181500 1500
3.32653061224 183000 1500
3.33673469388 184500 1500
3.34693877551 186000 1500
3.35714285714 187500 1500
3.36734693878 189000 1500
3.37755102041 190500 1500
3.38775510204 192000 1500
3.39795918367 193500 1500
3.40816326531 195000 1500
3.41836734694 196500 1500
3.42857142857 198000 1500
3.4387755102 199500 1500
3.44897959184 201000 1500
3.45918367347 202500 1500
3.4693877551 204000 1500
3.47959183673 205500 1500
3.48979591837 207000 1500
3.5 208500 1500
3.51020408163 210000 1500
3.52040816327 211500 1500
3.5306122449 213000 1500
3.54081632653 214500 1500
3.55102040816 216000 1500
3.5612244898 217500 1500
3.57142857143 219000 1500
3.58163265306 220500 1500
3.59183673469 222000 1500
3.60204081633 223500 1500
3.61224489796 225000 1500
3.62244897959 226500 1500
3.63265306122 228000 1500
3.64285714286 229500 1500
3.65306122449 231000 1500
3.66326530612 232500 1500
3.67346938776 234000 1500
3.68367346939 235500 1500
3.69387755102 237000 1500
3.70408163265 238500 1500
3.71428571429 240000 1500
3.72448979592 241500 1500
3.73469387755 243000 1500
3.74489795918 244500 1500
3.75510204082 246000 1500
3.76530612245 247500 1500
3.77551020408 249000 1500
3.78571428571 250500 1500
3.79591836735 252000 1500
3.80612244898 253500 1500
3.81632653061 255000 1500
3.82653061224 256500 1500
3.83673469388 258000 1500
3.84693877551 259500 1500
3.85714285714 261000 1500
3.86734693878 262500 1500
3.87755102041 264000 1500
3.88775510204 265500 1500
3.89795918367 267000 1500
3.90816326531 268500 1500
3.91836734694 270000 1500
3.92857142857 271500 1500
3.9387755102 273000 1500
3.94897959184 274500 1500
3.95918367347 276000 1500
3.9693877551 277500 1500
3.97959183673 279000 1500
3.98979591837 280500 1500
4.0 282000 1500
4.0099009901 283500 1500
4.0198019802 285000 1500
4.0297029703 286500 1500
4.0396039604 288000 1500
4.0495049505 289500 1500
4.05940594059 291000 1500
4.06930693069 292500 1500
4.07920792079 294000 1500
4.08910891089 295500 1500
4.09900990099 297000 1500
4.10891089109 298500 1500
4.11881188119 300000 1500
4.12871287129 301500 1500
4.13861386139 303000 1500
4.14851485149 304500 1500
4.15841584158 306000 1500
4.16831683168 307500 1500
4.17821782178 309000 1500
4.18811881188 310500 1500
4.19801980198 312000 1500
4.20792079208 313500 1500
4.21782178218 315000 1500
4.22772277228 316500 1500
4.23762376238 318000 1500
4.24752475248 319500 1500
4.25742574257 321000 1500
4.26732673267 322500 1500
4.27722772277 324000 1500
4.28712871287 325500 1500
4.29702970297 327000 1500
4.30693069307 328500 1500
4.31683168317 330000 1500
4.32673267327 331500 1500
4.33663366337 333000 1500
4.34653465347 334500 1500
4.35643564356 336000 1500
4.36633663366 337500 1500
4.37623762376 339000 1500
4.38613861386 340500 1500
4.39603960396 342000 1500
4.40594059406 343500 1500
4.41584158416 345000 1500
4.42574257426 346500 1500
4.43564356436 348000 1500
4.44554455446 349500 1500
4.45544554455 351000 1500
4.46534653465 352500 1500
4.47524752475 354000 1500
4.48514851485 355500 1500
4.49504950495 357000 1500
4.50495049505 358500 1500
4.51485148515 360000 1500
4.52475247525 361500 1500
4.53465346535 363000 1500
4.54455445545 364500 1500
4.55445544554 366000 1500
4.56435643564 367500 1500
4.57425742574 369000 1500
4.58415841584 370500 1500
4.59405940594 372000 1500
4.60396039604 373500 1500
4.61386138614 375000 1500
4.62376237624 376500 1500
4.63366336634 378000 1500
4.64356435644 379500 1500
4.65346534653 381000 1500
4.66336633663 382500 1500
4.67326732673 384000 1500
4.68316831683 385500 1500
4.69306930693 387000 1500
4.70297029703 388500 1500
4.71287128713 390000 1500
4.72277227723 391500 1500
4.73267326733 393000 1500
4.74257425743 394500 1500
4.75247524752 396000 1500
4.76237623762 397500 1500
4.77227722772 399000 1500
4.78217821782 400500 1500
4.79207920792 402000 1500
4.80198019802 403500 1500
4.81188118812 405000 1500
4.82178217822 406500 1500
4.83168316832 408000 1500
4.84158415842 409500 1500
4.85148514851 411000 1500
4.86138613861 412500 1500
4.87128712871 414000 1500
4.88118811881 415500 1500
4.89108910891 417000 1500
4.90099009901 418500 1500
4.91089108911 420000 1500
4.92079207921 421500 1500
4.93069306931 423000 1500
4.94059405941 424500 1500
4.9504950495 426000 1500
4.9603960396 427500 1500
4.9702970297 429000 1500
4.9801980198 430500 1500
4.9900990099 432000 1500
5.0 433500 1500
5.00970873786 435000 1500
5.01941747573 436500 1500
5.02912621359 438000 1500
5.03883495146 439500 1500
5.04854368932 441000 1500
5.05825242718 442500 1500
5.06796116505 444000 1500
5.07766990291 445500 1500
5.08737864078 447000 1500
5.09708737864 448500 1500
5.1067961165 450000 1500
5.11650485437 451500 1500
5.12621359223 453000 1500
5.1359223301 454500 1500
5.14563106796 456000 1500
5.15533980583 457500 1500
5.16504854369 459000 1500
5.17475728155 460500 1500
5.18446601942 462000 1500
5.19417475728 463500 1500
5.20388349515 465000 1500
5.21359223301 466500 1500
5.22330097087 468000 1500
5.23300970874 469500 1500
5.2427184466 471000 1500
5.25242718447 472500 1500
5.26213592233 474000 1500
5.27184466019 475500 1500
5.28155339806 477000 1500
5.29126213592 478500 1500
5.30097087379 480000 1500
5.31067961165 481500 1500
5.32038834951 483000 1500
5.33009708738 484500 1500
5.33980582524 486000 1500
5.34951456311 487500 1500
5.35922330097 489000 1500
5.36893203883 490500 1500
5.3786407767 492000 1500
5.38834951456 493500 1500
5.39805825243 495000 1500
5.40776699029 496500 1500
5.41747572816 498000 1500
5.42718446602 499500 1500
5.43689320388 501000 1500
5.44660194175 502500 1500
5.45631067961 504000 1500
5.46601941748 505500 1500
5.47572815534 507000 1500
5.4854368932 508500 1500
5.49514563107 510000 1500
5.50485436893 511500 1500
5.5145631068 513000 1500
5.52427184466 514500 1500
5.53398058252 516000 1500
5.54368932039 517500 1500
5.55339805825 519000 1500
5.56310679612 520500 1500
5.57281553398 522000 1500
5.58252427184 523500 1500
5.59223300971 525000 1500
5.60194174757 526500 1500
5.61165048544 528000 1500
5.6213592233 529500 1500
5.63106796117 531000 1500
5.64077669903 532500 1500
5.65048543689 534000 1500
5.66019417476 535500 1500
5.66990291262 537000 1500
5.67961165049 538500 1500
5.68932038835 540000 1500
5.69902912621 541500 1500
5.70873786408 543000 1500
5.71844660194 544500 1500
5.72815533981 546000 1500
5.73786407767 547500 1500
5.74757281553 549000 1500
5.7572815534 550500 1500
5.76699029126 552000 1500
5.77669902913 553500 1500
5.78640776699 555000 1500
5.79611650485 556500 1500
5.80582524272 558000 1500
5.81553398058 559500 1500
5.82524271845 561000 1500
5.83495145631 562500 1500
5.84466019417 564000 1500
5.85436893204 565500 1500
5.8640776699 567000 1500
5.87378640777 568500 1500
5.88349514563 570000 1500
5.8932038835 571500 1500
5.90291262136 573000 1500
5.91262135922 574500 1500
5.92233009709 576000 1500
5.93203883495 577500 1500
5.94174757282 579000 1500
5.95145631068 580500 1500
5.96116504854 582000 1500
5.97087378641 583500 1500
5.98058252427 585000 1500
5.99029126214 586500 1500
6.0 588000 1500
6.0099009901 589500 1500
6.0198019802 591000 1500
6.0297029703 592500 1500
6.0396039604 594000 1500
6.0495049505 595500 1500
6.05940594059 597000 1500
6.06930693069 598500 1500
6.07920792079 600000 1500
6.08910891089 601500 1500
6.09900990099 603000 1500
6.10891089109 604500 1500
6.11881188119 606000 1500
6.12871287129 607500 1500
6.13861386139 609000 1500
6.14851485149 610500 1500
6.15841584158 612000 1500
6.16831683168 613500 1500
6.17821782178 615000 1500
6.18811881188 616500 1500
6.19801980198 618000 1500
6.20792079208 619500 1500
6.21782178218 621000 1500
6.22772277228 622500 1500
6.23762376238 624000 1500
6.24752475248 625500 1500
6.25742574257 627000 1500
6.26732673267 628500 1500
6.27722772277 630000 1500
6.28712871287 631500 1500
6.29702970297 633000 1500
6.30693069307 634500 1500
6.31683168317 636000 1500
6.32673267327 637500 1500
6.33663366337 639000 1500
6.34653465347 640500 1500
6.35643564356 642000 1500
6.36633663366 643500 1500
6.37623762376 645000 1500
6.38613861386 646500 1500
6.39603960396 648000 1500
6.40594059406 649500 1500
6.41584158416 651000 1500
6.42574257426 652500 1500
6.43564356436 654000 1500
6.44554455446 655500 1500
6.45544554455 657000 1500
6.46534653465 658500 1500
6.47524752475 660000 1500
6.48514851485 661500 1500
6.49504950495 663000 1500
6.50495049505 664500 1500
6.51485148515 666000 1500
6.52475247525 667500 1500
6.53465346535 669000 1500
6.54455445545 670500 1500
6.55445544554 672000 1500
6.56435643564 673500 1500
6.57425742574 675000 1500
6.58415841584 676500 1500
6.59405940594 678000 1500
6.60396039604 679500 1500
6.61386138614 681000 1500
6.62376237624 682500 1500
6.63366336634 684000 1500
6.64356435644 685500 1500
6.65346534653 687000 1500
6.66336633663 688500 1500
6.67326732673 690000 1500
6.68316831683 691500 1500
6.69306930693 693000 1500
6.70297029703 694500 1500
6.71287128713 696000 1500
6.72277227723 697500 1500
6.73267326733 699000 1500
6.74257425743 700500 1500
6.75247524752 702000 1500
6.76237623762 703500 1500
6.77227722772 705000 1500
6.78217821782 706500 1500
6.79207920792 708000 1500
6.80198019802 709500 1500
6.81188118812 711000 1500
6.82178217822 712500 1500
6.83168316832 714000 1500
6.84158415842 715500 1500
6.85148514851 717000 1500
6.86138613861 718500 1500
6.87128712871 720000 1500
6.88118811881 721500 1500
6.89108910891 723000 1500
6.90099009901 724500 1500
6.91089108911 726000 1500
6.92079207921 727500 1500
6.93069306931 729000 1500
6.94059405941 730500 1500
6.9504950495 732000 1500
6.9603960396 733500 1500
6.9702970297 735000 1500
6.9801980198 736500 1500
6.9900990099 738000 1500
7.0 739500 1500
7.00961538462 741000 1500
7.01923076923 742500 1500
7.02884615385 744000 1500
7.03846153846 745500 1500
7.04807692308 747000 1500
7.05769230769 748500 1500
7.06730769231 750000 1500
7.07692307692 751500 1500
7.08653846154 753000 1500
7.09615384615 754500 1500
7.10576923077 756000 1500
7.11538461538 757500 1500
7.125 759000 1500
7.13461538462 760500 1500
7.14423076923 762000 1500
7.15384615385 763500 1500
7.16346153846 765000 1500
7.17307692308 766500 1500
7.18269230769 768000 1500
7.19230769231 769500 1500
7.20192307692 771000 1500
7.21153846154 772500 1500
7.22115384615 774000 1500
7.23076923077 775500 1500
7.24038461538 777000 1500
7.25 778500 1500
7.25961538462 780000 1500
7.26923076923 781500 1500
7.27884615385 783000 1500
7.28846153846 784500 1500
7.29807692308 786000 1500
7.30769230769 787500 1500
7.31730769231 789000 1500
7.32692307692 790500 1500
7.33653846154 792000 1500
7.34615384615 793500 1500
7.35576923077 795000 1500
7.36538461538 796500 1500
7.375 798000 1500
7.38461538462 799500 1500
7.39423076923 801000 1500
7.40384615385 802500 1500
7.41346153846 804000 1500
7.42307692308 805500 1500
7.43269230769 807000 1500
7.44230769231 808500 1500
7.45192307692 810000 1500
7.46153846154 811500 1500
7.47115384615 813000 1500
7.48076923077 814500 1500
7.49038461538 816000 1500
7.5 817500 1500
7.50961538462 819000 1500
7.51923076923 820500 1500
7.52884615385 822000 1500
7.53846153846 823500 1500
7.54807692308 825000 1500
7.55769230769 826500 1500
7.56730769231 828000 1500
7.57692307692 829500 1500
7.58653846154 831000 1500
7.59615384615 832500 1500
7.60576923077 834000 1500
7.61538461538 835500 1500
7.625 837000 1500
7.63461538462 838500 1500
7.64423076923 840000 1500
7.65384615385 841500 1500
7.66346153846 843000 1500
7.67307692308 844500 1500
7.68269230769 846000 1500
7.69230769231 847500 1500
7.70192307692 849000 1500
7.71153846154 850500 1500
7.72115384615 852000 1500
7.73076923077 853500 1500
7.74038461538 855000 1500
7.75 856500 1500
7.75961538462 858000 1500
7.76923076923 859500 1500
7.77884615385 861000 1500
7.78846153846 862500 1500
7.79807692308 864000 1500
7.80769230769 865500 1500
7.81730769231 867000 1500
7.82692307692 868500 1500
7.83653846154 870000 1500
7.84615384615 871500 1500
7.85576923077 873000 1500
7.86538461538 874500 1500
7.875 876000 1500
7.88461538462 877500 1500
7.89423076923 879000 1500
7.90384615385 880500 1500
7.91346153846 882000 1500
7.92307692308 883500 1500
7.93269230769 885000 1500
7.94230769231 886500 1500
7.95192307692 888000 1500
7.96153846154 889500 1500
7.97115384615 891000 1500
7.98076923077 892500 1500
7.99038461538 894000 1500
8.0 895500 1500
8.00925925926 897000 1500
8.01851851852 898500 1500
8.02777777778 900000 1500
8.03703703704 901500 1500
8.0462962963 903000 1500
8.05555555556 904500 1500
8.06481481481 906000 1500
8.07407407407 907500 1500
8.08333333333 909000 1500
8.09259259259 910500 1500
8.10185185185 912000 1500
8.11111111111 913500 1500
8.12037037037 915000 1500
8.12962962963 916500 1500
8.13888888889 918000 1500
8.14814814815 919500 1500
8.15740740741 921000 1500
8.16666666667 922500 1500
8.17592592593 924000 1500
8.18518518519 925500 1500
8.19444444444 927000 1500
8.2037037037 928500 1500
8.21296296296 930000 1500
8.22222222222 931500 1500
8.23148148148 933000 1500
8.24074074074 934500 1500
8.25 936000 1500
8.25925925926 937500 1500
8.26851851852 939000 1500
8.27777777778 940500 1500
8.28703703704 942000 1500
8.2962962963 943500 1500
8.30555555556 945000 1500
8.31481481481 946500 1500
8.32407407407 948000 1500
8.33333333333 949500 1500
8.34259259259 951000 1500
8.35185185185 952500 1500
8.36111111111 954000 1500
8.37037037037 955500 1500
8.37962962963 957000 1500
8.38888888889 958500 1500
8.39814814815 960000 1500
8.40740740741 961500 1500
8.41666666667 963000 1500
8.42592592593 964500 1500
8.43518518519 966000 1500
8.44444444444 967500 1500
8.4537037037 969000 1500
8.46296296296 970500 1500
8.47222222222 972000 1500
8.48148148148 973500 1500
8.49074074074 975000 1500
8.5 976500 1500
8.50925925926 978000 1500
8.51851851852 979500 1500
8.52777777778 981000 1500
8.53703703704 982500 1500
8.5462962963 984000 1500
8.55555555556 985500 1500
8.56481481481 987000 1500
8.57407407407 988500 1500
8.58333333333 990000 1500
8.59259259259 991500 1500
8.60185185185 993000 1500
8.61111111111 994500 1500
8.62037037037 996000 1500
8.62962962963 997500 1500
8.63888888889 999000 1500
8.64814814815 1000500 1500
8.65740740741 1002000 1500
8.66666666667 1003500 1500
8.67592592593 1005000 1500
8.68518518519 1006500 1500
8.69444444444 1008000 1500
8.7037037037 1009500 1500
8.71296296296 1011000 1500
8.72222222222 1012500 1500
8.73148148148 1014000 1500
8.74074074074 1015500 1500
8.75 1017000 1500
8.75925925926 1018500 1500
8.76851851852 1020000 1500
8.77777777778 1021500 1500
8.78703703704 1023000 1500
8.7962962963 1024500 1500
8.80555555556 1026000 1500
8.81481481481 1027500 1500
8.82407407407 1029000 1500
8.83333333333 1030500 1500
8.84259259259 1032000 1500
8.85185185185 1033500 1500
8.86111111111 1035000 1500
8.87037037037 1036500 1500
8.87962962963 1038000 1500
8.88888888889 1039500 1500
8.89814814815 1041000 1500
8.90740740741 1042500 1500
8.91666666667 1044000 1500
8.92592592593 1045500 1500
8.93518518519 1047000 1500
8.94444444444 1048500 1500
8.9537037037 1050000 1500
8.96296296296 1051500 1500
8.97222222222 1053000 1500
8.98148148148 1054500 1500
8.99074074074 1056000 1500
9.0 1057500 1500
9.01 1059000 1500
9.02 1060500 1500
9.03 1062000 1500
9.04 1063500 1500
9.05 1065000 1500
9.06 1066500 1500
9.07 1068000 1500
9.08 1069500 1500
9.09 1071000 1500
9.1 1072500 1500
9.11 1074000 1500
9.12 1075500 1500
9.13 1077000 1500
9.14 1078500 1500
9.15 1080000 1500
9.16 1081500 1500
9.17 1083000 1500
9.18 1084500 1500
9.19 1086000 1500
9.2 1087500 1500
9.21 1089000 1500
9.22 1090500 1500
9.23 1092000 1500
9.24 1093500 1500
9.25 1095000 1500
9.26 1096500 1500
9.27 1098000 1500
9.28 1099500 1500
9.29 1101000 1500
9.3 1102500 1500
9.31 1104000 1500
9.32 1105500 1500
9.33 1107000 1500
9.34 1108500 1500
9.35 1110000 1500
9.36 1111500 1500
9.37 1113000 1500
9.38 1114500 1500
9.39 1116000 1500
9.4 1117500 1500
9.41 1119000 1500
9.42 1120500 1500
9.43 1122000 1500
9.44 1123500 1500
9.45 1125000 1500
9.46 1126500 1500
9.47 1128000 1500
9.48 1129500 1500
9.49 1131000 1500
9.5 1132500 1500
9.51 1134000 1500
9.52 1135500 1500
9.53 1137000 1500
9.54 1138500 1500
9.55 1140000 1500
9.56 1141500 1500
9.57 1143000 1500
9.58 1144500 1500
9.59 1146000 1500
9.6 1147500 1500
9.61 1149000 1500
9.62 1150500 1500
9.63 1152000 1500
9.64 1153500 1500
9.65 1155000 1500
9.66 1156500 1500
9.67 1158000 1500
9.68 1159500 1500
9.69 1161000 1500
9.7 1162500 1500
9.71 1164000 1500
9.72 1165500 1500
9.73 1167000 1500
9.74 1168500 1500
9.75 1170000 1500
9.76 1171500 1500
9.77 1173000 1500
9.78 1174500 1500
9.79 1176000 1500
9.8 1177500 1500
9.81 1179000 1500
9.82 1180500 1500
9.83 1182000 1500
9.84 1183500 1500
9.85 1185000 1500
9.86 1186500 1500
9.87 1188000 1500
9.88 1189500 1500
9.89 1191000 1500
9.9 1192500 1500
9.91 1194000 1500
9.92 1195500 1500
9.93 1197000 1500
9.94 1198500 1500
9.95 1200000 1500
9.96 1201500 1500
9.97 1203000 1500
9.98 1204500 1500
9.99 1206000 1500
